\documentclass[11pt]{article}
\usepackage{graphicx}
\usepackage{adjustbox}
\usepackage{lscape}
\usepackage{amsmath}
\usepackage{xspace}
\begin{document}
\setlength\tabcolsep{0.5em}
\include{minerva_preamble}
\begin{table}
  \centering
  \renewcommand{\arraystretch}{1.15}
  \caption{Statistical covariance matrix of measured cross section as function of $T_{\pi}$, in units of $10^{-84}$ $(\cmsq/\MeV/\mathrm{nucleon})^2$}
  \begin{adjustbox}{max width=\textwidth}
    \begin{tabular}{c||cccccccccc}
      Bin edges (\MeV) & 0-20 & 20-35 & 35-50 & 50-65 & 65-80 & 80-100 & 100-125 & 125-165 & 165-200 & 200-350\\
      \hline
      \hline
      0-20 & 0.044 & 0.011 & -0.005 & -0.003 & -0.001 & 0.000 & 0.000 & 0.000 & 0.000 & 0.000\\
      20-35 & 0.011 & 0.174 & 0.009 & -0.013 & -0.005 & -0.002 & -0.001 & -0.001 & -0.001 & 0.000\\
      35-50 & -0.005 & 0.009 & 0.278 & 0.019 & -0.015 & -0.005 & -0.002 & -0.001 & -0.001 & -0.001\\
      50-65 & -0.003 & -0.013 & 0.019 & 0.353 & 0.022 & -0.012 & -0.006 & -0.002 & -0.002 & -0.001\\
      65-80 & -0.001 & -0.005 & -0.015 & 0.022 & 0.339 & 0.015 & -0.011 & -0.004 & -0.002 & -0.002\\
      80-100 & 0.000 & -0.002 & -0.005 & -0.012 & 0.015 & 0.206 & 0.006 & -0.007 & -0.004 & -0.002\\
      100-125 & 0.000 & -0.001 & -0.002 & -0.006 & -0.011 & 0.006 & 0.169 & 0.001 & -0.007 & -0.003\\
      125-165 & 0.000 & -0.001 & -0.001 & -0.002 & -0.004 & -0.007 & 0.001 & 0.110 & 0.003 & -0.004\\
      165-200 & 0.000 & -0.001 & -0.001 & -0.002 & -0.002 & -0.004 & -0.007 & 0.003 & 0.140 & 0.000\\
      200-350 & 0.000 & 0.000 & -0.001 & -0.001 & -0.002 & -0.002 & -0.003 & -0.004 & 0.000 & 0.030
    \end{tabular}
  \end{adjustbox}
  \label{tbl:statcov_mixtpi_scintillator}
\end{table}

\begin{table}
  \centering
  \renewcommand{\arraystretch}{1.15}
  \caption{Systematic covariance matrix of measured cross section as function of $T_{\pi}$, in units of $10^{-84}$ $(\cmsq/\MeV/\mathrm{nucleon})^2$}
  \begin{adjustbox}{max width=\textwidth}
    \begin{tabular}{c||cccccccccc}
      Bin edges (\MeV) & 0-20 & 20-35 & 35-50 & 50-65 & 65-80 & 80-100 & 100-125 & 125-165 & 165-200 & 200-350\\
      \hline
      \hline
      0-20 & 0.069 & 0.138 & 0.176 & 0.211 & 0.136 & 0.122 & 0.088 & 0.085 & 0.038 & 0.035\\
      20-35 & 0.138 & 0.390 & 0.400 & 0.534 & 0.435 & 0.349 & 0.258 & 0.222 & 0.107 & 0.141\\
      35-50 & 0.176 & 0.400 & 0.598 & 0.659 & 0.581 & 0.517 & 0.467 & 0.435 & 0.277 & 0.241\\
      50-65 & 0.211 & 0.534 & 0.659 & 0.945 & 0.750 & 0.658 & 0.554 & 0.475 & 0.293 & 0.214\\
      65-80 & 0.136 & 0.435 & 0.581 & 0.750 & 0.814 & 0.697 & 0.657 & 0.575 & 0.396 & 0.333\\
      80-100 & 0.122 & 0.349 & 0.517 & 0.658 & 0.697 & 0.637 & 0.615 & 0.538 & 0.369 & 0.281\\
      100-125 & 0.088 & 0.258 & 0.467 & 0.554 & 0.657 & 0.615 & 0.688 & 0.635 & 0.485 & 0.333\\
      125-165 & 0.085 & 0.222 & 0.435 & 0.475 & 0.575 & 0.538 & 0.635 & 0.641 & 0.497 & 0.338\\
      165-200 & 0.038 & 0.107 & 0.277 & 0.293 & 0.396 & 0.369 & 0.485 & 0.497 & 0.431 & 0.260\\
      200-350 & 0.035 & 0.141 & 0.241 & 0.214 & 0.333 & 0.281 & 0.333 & 0.338 & 0.260 & 0.401
    \end{tabular}
  \end{adjustbox}
  \label{tbl:syscov_mixtpi_scintillator}
\end{table}

\begin{table}
  \centering
  \renewcommand{\arraystretch}{1.15}
  \caption{Statistical covariance matrix of measured cross section as function of $p_{\mu}$, in units of $10^{-84}$ $(\cmsq/\GeVc/\mathrm{nucleon})^2$}
  \begin{adjustbox}{max width=\textwidth}
    \begin{tabular}{c||ccccccccc}
      Bin edges (\GeVc) & 0.0-1.0 & 1.0-2.0 & 2.0-3.0 & 3.0-4.0 & 4.0-5.5 & 5.5-7.5 & 7.5-10.0 & 10.0-13.0 & 13.0-20.0\\
      \hline
      \hline
      0.0-1.0 & 0.000 & 0.000 & 0.000 & 0.000 & 0.000 & 0.000 & 0.000 & 0.000 & 0.000\\
      1.0-2.0 & 0.000 & 31.572 & -2.731 & -0.520 & 0.007 & -0.008 & -0.004 & -0.002 & -0.002\\
      2.0-3.0 & 0.000 & -2.731 & 100.541 & -9.012 & -1.584 & 0.172 & -0.002 & -0.011 & -0.005\\
      3.0-4.0 & 0.000 & -0.520 & -9.012 & 152.644 & -9.033 & -1.381 & 0.188 & 0.002 & -0.007\\
      4.0-5.5 & 0.000 & 0.007 & -1.584 & -9.033 & 105.664 & -5.738 & -0.907 & 0.062 & -0.003\\
      5.5-7.5 & 0.000 & -0.008 & 0.172 & -1.381 & -5.738 & 43.363 & -1.174 & -0.374 & 0.007\\
      7.5-10.0 & 0.000 & -0.004 & -0.002 & 0.188 & -0.907 & -1.174 & 8.158 & -0.012 & -0.064\\
      10.0-13.0 & 0.000 & -0.002 & -0.011 & 0.002 & 0.062 & -0.374 & -0.012 & 1.704 & -0.036\\
      13.0-20.0 & 0.000 & -0.002 & -0.005 & -0.007 & -0.003 & 0.007 & -0.064 & -0.036 & 0.303
    \end{tabular}
  \end{adjustbox}
  \label{tbl:statcov_pmu_scintillator}
\end{table}

\begin{table}
  \centering
  \renewcommand{\arraystretch}{1.15}
  \caption{Systematic covariance matrix of measured cross section as function of $p_{\mu}$, in units of $10^{-84}$ $(\cmsq/\GeVc/\mathrm{nucleon})^2$}
  \begin{adjustbox}{max width=\textwidth}
    \begin{tabular}{c||ccccccccc}
      Bin edges (\GeVc) & 0.0-1.0 & 1.0-2.0 & 2.0-3.0 & 3.0-4.0 & 4.0-5.5 & 5.5-7.5 & 7.5-10.0 & 10.0-13.0 & 13.0-20.0\\
      \hline
      \hline
      0.0-1.0 & 0.000 & 0.000 & 0.000 & 0.000 & 0.000 & 0.000 & 0.000 & 0.000 & 0.000\\
      1.0-2.0 & 0.000 & 24.229 & 98.485 & 149.948 & 139.797 & 54.665 & 5.110 & 1.414 & 1.455\\
      2.0-3.0 & 0.000 & 98.485 & 555.404 & 895.910 & 880.907 & 449.443 & 75.602 & 16.967 & 7.919\\
      3.0-4.0 & 0.000 & 149.948 & 895.910 & 1503.741 & 1508.954 & 782.012 & 134.859 & 30.272 & 14.165\\
      4.0-5.5 & 0.000 & 139.797 & 880.907 & 1508.954 & 1712.809 & 994.651 & 199.094 & 43.026 & 19.432\\
      5.5-7.5 & 0.000 & 54.665 & 449.443 & 782.012 & 994.651 & 698.918 & 168.593 & 35.425 & 11.899\\
      7.5-10.0 & 0.000 & 5.110 & 75.602 & 134.859 & 199.094 & 168.593 & 49.562 & 10.143 & 2.618\\
      10.0-13.0 & 0.000 & 1.414 & 16.967 & 30.272 & 43.026 & 35.425 & 10.143 & 2.321 & 0.605\\
      13.0-20.0 & 0.000 & 1.455 & 7.919 & 14.165 & 19.432 & 11.899 & 2.618 & 0.605 & 0.382
    \end{tabular}
  \end{adjustbox}
  \label{tbl:syscov_pmu_scintillator}
\end{table}

\pagebreak
\begin{landscape}
\begin{table}
  \centering
  \renewcommand{\arraystretch}{1.15}
  \caption{Statistical covariance matrix of measured cross section as function of $p_{\mu,T}$, in units of $10^{-84}$ $(\cmsq/\GeVc/\mathrm{nucleon})^2$}
  \begin{adjustbox}{max width=1.3\textheight}
    \begin{tabular}{c||cccccccccc}
      Bin edges (\GeVc) & 0.00-0.10 & 0.10-0.20 & 0.20-0.30 & 0.30-0.40 & 0.40-0.50 & 0.50-0.60 & 0.60-0.80 & 0.80-1.00 & 1.00-1.25 & 1.25-1.50\\
      \hline
      \hline
      0.00-0.10 & 619.145 & -89.777 & -34.709 & 19.023 & 3.529 & -1.016 & -0.539 & -0.039 & 0.032 & -0.008\\
      0.10-0.20 & -89.777 & 2241.606 & -176.862 & -119.660 & 38.104 & 13.379 & -1.026 & -0.426 & 0.019 & 0.208\\
      0.20-0.30 & -34.709 & -176.862 & 4626.883 & -245.839 & -290.794 & 42.632 & 17.481 & -0.915 & -0.309 & -0.302\\
      0.30-0.40 & 19.023 & -119.660 & -245.839 & 7640.913 & -208.961 & -568.132 & 26.393 & 20.353 & -0.192 & -2.143\\
      0.40-0.50 & 3.529 & 38.104 & -290.794 & -208.961 & 10561.433 & 58.167 & -470.764 & 30.791 & 20.573 & 2.938\\
      0.50-0.60 & -1.016 & 13.379 & 42.632 & -568.132 & 58.167 & 13681.774 & -224.546 & -374.624 & 11.563 & 6.389\\
      0.60-0.80 & -0.539 & -1.026 & 17.481 & 26.393 & -470.764 & -224.546 & 6679.478 & -229.139 & -248.609 & -36.635\\
      0.80-1.00 & -0.039 & -0.426 & -0.915 & 20.353 & 30.791 & -374.624 & -229.139 & 6465.738 & -19.950 & -278.470\\
      1.00-1.25 & 0.032 & 0.019 & -0.309 & -0.192 & 20.573 & 11.563 & -248.609 & -19.950 & 3348.356 & 118.470\\
      1.25-1.50 & -0.008 & 0.208 & -0.302 & -2.143 & 2.938 & 6.389 & -36.635 & -278.470 & 118.470 & 3174.331
    \end{tabular}
  \end{adjustbox}
  \label{tbl:statcov_ptmu_scintillator}
\end{table}
\end{landscape}
\clearpage

\pagebreak
\begin{landscape}
\begin{table}
  \centering
  \renewcommand{\arraystretch}{1.15}
  \caption{Systematic covariance matrix of measured cross section as function of $p_{\mu,T}$, in units of $10^{-84}$ $(\cmsq/\GeVc/\mathrm{nucleon})^2$}
  \begin{adjustbox}{max width=1.3\textheight}
    \begin{tabular}{c||cccccccccc}
      Bin edges (\GeVc) & 0.00-0.10 & 0.10-0.20 & 0.20-0.30 & 0.30-0.40 & 0.40-0.50 & 0.50-0.60 & 0.60-0.80 & 0.80-1.00 & 1.00-1.25 & 1.25-1.50\\
      \hline
      \hline
      0.00-0.10 & 696.853 & 2001.876 & 2747.522 & 3545.997 & 3407.108 & 3338.105 & 2920.001 & 1737.591 & 980.902 & 625.401\\
      0.10-0.20 & 2001.876 & 6112.805 & 8815.083 & 11833.942 & 12153.920 & 12237.098 & 10720.256 & 6277.406 & 2772.537 & 1624.353\\
      0.20-0.30 & 2747.522 & 8815.083 & 14570.982 & 20276.742 & 22969.359 & 23781.402 & 20758.378 & 12783.896 & 5341.020 & 2443.439\\
      0.30-0.40 & 3545.997 & 11833.942 & 20276.742 & 30440.336 & 35438.503 & 37883.971 & 34188.100 & 21861.375 & 9294.893 & 4766.429\\
      0.40-0.50 & 3407.108 & 12153.920 & 22969.359 & 35438.503 & 47187.230 & 48969.493 & 46266.258 & 31437.600 & 12411.100 & 6938.221\\
      0.50-0.60 & 3338.105 & 12237.098 & 23781.402 & 37883.971 & 48969.493 & 55038.110 & 52273.870 & 36730.434 & 16108.935 & 8909.019\\
      0.60-0.80 & 2920.001 & 10720.256 & 20758.378 & 34188.100 & 46266.258 & 52273.870 & 54946.537 & 42295.359 & 21141.665 & 13756.200\\
      0.80-1.00 & 1737.591 & 6277.406 & 12783.896 & 21861.375 & 31437.600 & 36730.434 & 42295.359 & 38922.008 & 24035.335 & 15968.648\\
      1.00-1.25 & 980.902 & 2772.537 & 5341.020 & 9294.893 & 12411.100 & 16108.935 & 21141.665 & 24035.335 & 19832.334 & 13108.243\\
      1.25-1.50 & 625.401 & 1624.353 & 2443.439 & 4766.429 & 6938.221 & 8909.019 & 13756.200 & 15968.648 & 13108.243 & 10246.530
    \end{tabular}
  \end{adjustbox}
  \label{tbl:syscov_ptmu_scintillator}
\end{table}
\end{landscape}
\clearpage

\begin{table}
  \centering
  \renewcommand{\arraystretch}{1.15}
  \caption{Statistical covariance matrix of measured cross section as function of $p_{\mu,||}$, in units of $10^{-84}$ $(\cmsq/\GeVc/\mathrm{nucleon})^2$}
  \begin{adjustbox}{max width=\textwidth}
    \begin{tabular}{c||cccccccccc}
      Bin edges (\GeVc) & 0-1 & 1-2 & 2-3 & 3-4 & 4-5 & 5-6 & 6-8 & 8-10 & 10-15 & 15-20\\
      \hline
      \hline
      0-1 & 0.000 & 0.000 & 0.000 & 0.000 & 0.000 & 0.000 & 0.000 & 0.000 & 0.000 & 0.000\\
      1-2 & 0.000 & 38.696 & -3.116 & -0.603 & 0.045 & -0.018 & -0.021 & -0.005 & -0.002 & -0.002\\
      2-3 & 0.000 & -3.116 & 107.204 & -9.339 & -2.530 & 0.270 & 0.006 & -0.025 & -0.009 & -0.004\\
      3-4 & 0.000 & -0.603 & -9.339 & 155.252 & -10.858 & -5.469 & 0.340 & 0.039 & -0.013 & -0.005\\
      4-5 & 0.000 & 0.045 & -2.530 & -10.858 & 168.229 & -6.122 & -4.065 & 0.199 & 0.015 & -0.010\\
      5-6 & 0.000 & -0.018 & 0.270 & -5.469 & -6.122 & 129.927 & -3.285 & -1.757 & 0.031 & 0.007\\
      6-8 & 0.000 & -0.021 & 0.006 & 0.340 & -4.065 & -3.285 & 30.614 & -0.418 & -0.253 & 0.012\\
      8-10 & 0.000 & -0.005 & -0.025 & 0.039 & 0.199 & -1.757 & -0.418 & 7.549 & -0.028 & -0.068\\
      10-15 & 0.000 & -0.002 & -0.009 & -0.013 & 0.015 & 0.031 & -0.253 & -0.028 & 0.811 & -0.037\\
      15-20 & 0.000 & -0.002 & -0.004 & -0.005 & -0.010 & 0.007 & 0.012 & -0.068 & -0.037 & 0.433
    \end{tabular}
  \end{adjustbox}
  \label{tbl:statcov_pzmu_scintillator}
\end{table}

\begin{table}
  \centering
  \renewcommand{\arraystretch}{1.15}
  \caption{Systematic covariance matrix of measured cross section as function of $p_{\mu,||}$, in units of $10^{-84}$ $(\cmsq/\GeVc/\mathrm{nucleon})^2$}
  \begin{adjustbox}{max width=\textwidth}
    \begin{tabular}{c||cccccccccc}
      Bin edges (\GeVc) & 0-1 & 1-2 & 2-3 & 3-4 & 4-5 & 5-6 & 6-8 & 8-10 & 10-15 & 15-20\\
      \hline
      \hline
      0-1 & 0.000 & 0.000 & 0.000 & 0.000 & 0.000 & 0.000 & 0.000 & 0.000 & 0.000 & 0.000\\
      1-2 & 0.000 & 37.753 & 125.944 & 177.970 & 177.261 & 122.463 & 35.682 & 6.024 & 1.690 & 1.818\\
      2-3 & 0.000 & 125.944 & 639.794 & 983.062 & 965.408 & 741.762 & 333.378 & 60.996 & 14.475 & 8.102\\
      3-4 & 0.000 & 177.970 & 983.062 & 1576.449 & 1574.526 & 1250.471 & 591.070 & 109.569 & 26.231 & 14.337\\
      4-5 & 0.000 & 177.261 & 965.408 & 1574.526 & 1709.123 & 1431.908 & 701.918 & 135.031 & 32.611 & 18.983\\
      5-6 & 0.000 & 122.463 & 741.762 & 1250.471 & 1431.908 & 1291.766 & 695.474 & 141.044 & 32.914 & 17.480\\
      6-8 & 0.000 & 35.682 & 333.378 & 591.070 & 701.918 & 695.474 & 450.583 & 98.792 & 21.269 & 8.802\\
      8-10 & 0.000 & 6.024 & 60.996 & 109.569 & 135.031 & 141.044 & 98.792 & 23.817 & 4.929 & 1.823\\
      10-15 & 0.000 & 1.690 & 14.475 & 26.231 & 32.611 & 32.914 & 21.269 & 4.929 & 1.196 & 0.489\\
      15-20 & 0.000 & 1.818 & 8.102 & 14.337 & 18.983 & 17.480 & 8.802 & 1.823 & 0.489 & 0.424
    \end{tabular}
  \end{adjustbox}
  \label{tbl:syscov_pzmu_scintillator}
\end{table}

\pagebreak
\begin{landscape}
\begin{table}
  \centering
  \renewcommand{\arraystretch}{1.15}
  \caption{Statistical covariance matrix of measured cross section as function of $Q^2$, in units of $10^{-84}$ $(\cmsq/\GeVsqcsq/\mathrm{nucleon})^2$}
  \begin{adjustbox}{max width=1.3\textheight}
    \begin{tabular}{c||cccccccccccc}
      Bin edges (\GeVsqcsq) & 0.000-0.025 & 0.025-0.050 & 0.050-0.100 & 0.100-0.200 & 0.200-0.300 & 0.300-0.400 & 0.400-0.500 & 0.500-0.700 & 0.700-1.000 & 1.000-1.300 & 1.300-2.000 & 2.000-3.000\\
      \hline
      \hline
      0.000-0.025 & 20299.500 & -1638.420 & -762.736 & 139.176 & 32.707 & -5.631 & -4.562 & -0.565 & -0.035 & 0.104 & -0.029 & -0.003\\
      0.025-0.050 & -1638.420 & 37611.060 & -422.985 & -681.221 & 118.006 & 59.282 & 5.550 & -2.878 & -0.884 & -0.260 & 0.284 & -0.036\\
      0.050-0.100 & -762.736 & -422.985 & 18064.868 & -559.215 & -459.842 & 71.507 & 55.678 & 7.711 & -1.075 & -0.557 & -0.084 & 0.352\\
      0.100-0.200 & 139.176 & -681.221 & -559.215 & 9441.833 & -294.226 & -564.187 & -61.741 & 37.035 & 6.760 & 0.080 & -0.381 & -1.016\\
      0.200-0.300 & 32.707 & 118.006 & -459.842 & -294.226 & 11163.797 & 327.543 & -654.435 & -168.251 & 19.621 & 6.778 & 1.134 & 1.180\\
      0.300-0.400 & -5.631 & 59.282 & 71.507 & -564.187 & 327.543 & 10064.136 & 814.258 & -434.477 & -102.997 & 11.796 & 2.370 & -1.567\\
      0.400-0.500 & -4.562 & 5.550 & 55.678 & -61.741 & -654.435 & 814.258 & 8398.012 & 349.019 & -266.213 & -49.034 & 1.440 & 0.137\\
      0.500-0.700 & -0.565 & -2.878 & 7.711 & 37.035 & -168.251 & -434.477 & 349.019 & 4565.684 & 25.471 & -159.017 & -26.040 & -3.186\\
      0.700-1.000 & -0.035 & -0.884 & -1.075 & 6.760 & 19.621 & -102.997 & -266.213 & 25.471 & 2389.509 & 92.030 & -69.423 & -20.023\\
      1.000-1.300 & 0.104 & -0.260 & -0.557 & 0.080 & 6.778 & 11.796 & -49.034 & -159.017 & 92.030 & 1561.242 & 45.567 & -35.555\\
      1.300-2.000 & -0.029 & 0.284 & -0.084 & -0.381 & 1.134 & 2.370 & 1.440 & -26.040 & -69.423 & 45.567 & 445.043 & 8.608\\
      2.000-3.000 & -0.003 & -0.036 & 0.352 & -1.016 & 1.180 & -1.567 & 0.137 & -3.186 & -20.023 & -35.555 & 8.608 & 273.137
    \end{tabular}
  \end{adjustbox}
  \label{tbl:statcov_q2_scintillator}
\end{table}
\end{landscape}
\clearpage

\pagebreak
\begin{landscape}
\begin{table}
  \centering
  \renewcommand{\arraystretch}{1.15}
  \caption{Systematic covariance matrix of measured cross section as function of $Q^2$, in units of $10^{-84}$ $(\cmsq/\GeVsqcsq/\mathrm{nucleon})^2$}
  \begin{adjustbox}{max width=1.3\textheight}
    \begin{tabular}{c||cccccccccccc}
      Bin edges (\GeVsqcsq) & 0.000-0.025 & 0.025-0.050 & 0.050-0.100 & 0.100-0.200 & 0.200-0.300 & 0.300-0.400 & 0.400-0.500 & 0.500-0.700 & 0.700-1.000 & 1.000-1.300 & 1.300-2.000 & 2.000-3.000\\
      \hline
      \hline
      0.000-0.025 & 54579.490 & 51824.702 & 44495.975 & 39165.930 & 29233.638 & 24650.321 & 17356.139 & 15343.562 & 8657.449 & 5749.085 & 2263.147 & 952.220\\
      0.025-0.050 & 51824.702 & 55427.561 & 47653.409 & 46311.401 & 36674.476 & 31910.329 & 24117.018 & 20408.037 & 12292.897 & 6817.861 & 2831.073 & 1192.574\\
      0.050-0.100 & 44495.975 & 47653.409 & 49587.025 & 44921.119 & 37551.407 & 34006.807 & 24077.594 & 20540.552 & 12042.028 & 6580.033 & 2374.924 & 669.456\\
      0.100-0.200 & 39165.930 & 46311.401 & 44921.119 & 47192.402 & 41403.993 & 37033.782 & 29025.137 & 24827.192 & 16051.786 & 8202.527 & 3761.731 & 1551.915\\
      0.200-0.300 & 29233.638 & 36674.476 & 37551.407 & 41403.993 & 42086.849 & 35820.630 & 30170.754 & 25166.509 & 17242.479 & 8323.571 & 3830.093 & 1707.597\\
      0.300-0.400 & 24650.321 & 31910.329 & 34006.807 & 37033.782 & 35820.630 & 34416.030 & 26053.298 & 23852.695 & 16087.347 & 8574.149 & 4103.922 & 1690.413\\
      0.400-0.500 & 17356.139 & 24117.018 & 24077.594 & 29025.137 & 30170.754 & 26053.298 & 23423.629 & 19320.257 & 13940.740 & 6821.947 & 3595.563 & 1603.606\\
      0.500-0.700 & 15343.562 & 20408.037 & 20540.552 & 24827.192 & 25166.509 & 23852.695 & 19320.257 & 19288.435 & 14094.099 & 8023.453 & 4578.884 & 2104.599\\
      0.700-1.000 & 8657.449 & 12292.897 & 12042.028 & 16051.786 & 17242.479 & 16087.347 & 13940.740 & 14094.099 & 11220.843 & 6490.984 & 4104.328 & 1945.594\\
      1.000-1.300 & 5749.085 & 6817.861 & 6580.033 & 8202.527 & 8323.571 & 8574.149 & 6821.947 & 8023.453 & 6490.984 & 4845.674 & 3040.244 & 1491.591\\
      1.300-2.000 & 2263.147 & 2831.073 & 2374.924 & 3761.731 & 3830.093 & 4103.922 & 3595.563 & 4578.884 & 4104.328 & 3040.244 & 2221.855 & 1094.444\\
      2.000-3.000 & 952.220 & 1192.574 & 669.456 & 1551.915 & 1707.597 & 1690.413 & 1603.606 & 2104.599 & 1945.594 & 1491.591 & 1094.444 & 613.832
    \end{tabular}
  \end{adjustbox}
  \label{tbl:syscov_q2_scintillator}
\end{table}
\end{landscape}
\clearpage

\begin{table}
  \centering
  \renewcommand{\arraystretch}{1.15}
  \caption{Statistical covariance matrix of measured cross section as function of $\theta_{\mu}$, in units of $10^{-84}$ $(\cmsq/degree/\mathrm{nucleon})^2$}
  \begin{adjustbox}{max width=\textwidth}
    \begin{tabular}{c||ccccccccccccccc}
      Bin edges (degree) & 0-1 & 1-2 & 2-3 & 3-4 & 4-5 & 5-6 & 6-7 & 7-8 & 8-9 & 9-10 & 10-11 & 11-12 & 12-14 & 14-16 & 16-20\\
      \hline
      \hline
      0-1 & 5.419 & -0.919 & -0.113 & 0.097 & -0.008 & -0.003 & 0.000 & 0.000 & 0.000 & 0.000 & 0.000 & 0.000 & 0.000 & 0.000 & 0.000\\
      1-2 & -0.919 & 18.342 & -1.851 & -0.224 & 0.175 & -0.014 & -0.005 & 0.001 & 0.000 & 0.000 & 0.000 & 0.000 & 0.000 & 0.000 & 0.000\\
      2-3 & -0.113 & -1.851 & 31.636 & -2.729 & -0.350 & 0.256 & -0.018 & -0.010 & 0.001 & 0.000 & 0.000 & 0.000 & 0.000 & 0.000 & -0.001\\
      3-4 & 0.097 & -0.224 & -2.729 & 42.097 & -3.571 & -0.520 & 0.314 & -0.020 & -0.012 & 0.001 & 0.000 & 0.000 & 0.000 & 0.000 & 0.000\\
      4-5 & -0.008 & 0.175 & -0.350 & -3.571 & 53.498 & -4.264 & -0.656 & 0.399 & -0.014 & -0.015 & 0.000 & 0.000 & 0.000 & -0.002 & 0.000\\
      5-6 & -0.003 & -0.014 & 0.256 & -0.520 & -4.264 & 60.081 & -4.386 & -0.862 & 0.409 & -0.002 & -0.018 & 0.000 & -0.001 & 0.000 & 0.000\\
      6-7 & 0.000 & -0.005 & -0.018 & 0.314 & -0.656 & -4.386 & 61.006 & -4.864 & -0.890 & 0.428 & 0.002 & -0.019 & -0.003 & 0.001 & 0.000\\
      7-8 & 0.000 & 0.001 & -0.010 & -0.020 & 0.399 & -0.862 & -4.864 & 66.797 & -4.664 & -1.093 & 0.505 & 0.018 & -0.014 & 0.000 & 0.000\\
      8-9 & 0.000 & 0.000 & 0.001 & -0.012 & -0.014 & 0.409 & -0.890 & -4.664 & 62.892 & -4.402 & -1.390 & 0.514 & 0.007 & -0.008 & 0.000\\
      9-10 & 0.000 & 0.000 & 0.000 & 0.001 & -0.015 & -0.002 & 0.428 & -1.093 & -4.402 & 64.722 & -4.527 & -1.673 & 0.325 & -0.005 & -0.004\\
      10-11 & 0.000 & 0.000 & 0.000 & 0.000 & 0.000 & -0.018 & 0.002 & 0.505 & -1.390 & -4.527 & 62.300 & -4.030 & -0.658 & 0.196 & -0.009\\
      11-12 & 0.000 & 0.000 & 0.000 & 0.000 & 0.000 & 0.000 & -0.019 & 0.018 & 0.514 & -1.673 & -4.030 & 62.001 & -3.073 & -0.135 & 0.072\\
      12-14 & 0.000 & 0.000 & 0.000 & 0.000 & 0.000 & -0.001 & -0.003 & -0.014 & 0.007 & 0.325 & -0.658 & -3.073 & 27.615 & -1.861 & 0.043\\
      14-16 & 0.000 & 0.000 & 0.000 & 0.000 & -0.002 & 0.000 & 0.001 & 0.000 & -0.008 & -0.005 & 0.196 & -0.135 & -1.861 & 30.059 & -1.496\\
      16-20 & 0.000 & 0.000 & -0.001 & 0.000 & 0.000 & 0.000 & 0.000 & 0.000 & 0.000 & -0.004 & -0.009 & 0.072 & 0.043 & -1.496 & 16.002
    \end{tabular}
  \end{adjustbox}
  \label{tbl:statcov_thetamu_deg_scintillator}
\end{table}

\begin{table}
  \centering
  \renewcommand{\arraystretch}{1.15}
  \caption{Systematic covariance matrix of measured cross section as function of $\theta_{\mu}$, in units of $10^{-84}$ $(\cmsq/degree/\mathrm{nucleon})^2$}
  \begin{adjustbox}{max width=\textwidth}
    \begin{tabular}{c||ccccccccccccccc}
      Bin edges (degree) & 0-1 & 1-2 & 2-3 & 3-4 & 4-5 & 5-6 & 6-7 & 7-8 & 8-9 & 9-10 & 10-11 & 11-12 & 12-14 & 14-16 & 16-20\\
      \hline
      \hline
      0-1 & 8.254 & 19.794 & 28.715 & 30.238 & 31.369 & 28.338 & 25.117 & 25.939 & 19.941 & 17.580 & 15.856 & 12.465 & 13.396 & 11.435 & 7.590\\
      1-2 & 19.794 & 57.898 & 82.888 & 97.521 & 99.589 & 100.838 & 92.214 & 86.960 & 76.284 & 66.123 & 58.684 & 50.616 & 44.467 & 33.909 & 27.073\\
      2-3 & 28.715 & 82.888 & 128.568 & 151.948 & 164.792 & 165.935 & 151.200 & 144.875 & 126.304 & 112.346 & 98.127 & 81.245 & 74.270 & 56.663 & 39.564\\
      3-4 & 30.238 & 97.521 & 151.948 & 199.158 & 217.048 & 230.289 & 210.985 & 202.842 & 183.248 & 164.952 & 143.281 & 118.760 & 101.311 & 75.215 & 54.277\\
      4-5 & 31.369 & 99.589 & 164.792 & 217.048 & 255.361 & 267.786 & 246.888 & 239.434 & 215.350 & 199.952 & 169.593 & 133.233 & 118.808 & 90.542 & 60.155\\
      5-6 & 28.338 & 100.838 & 165.935 & 230.289 & 267.786 & 296.698 & 272.710 & 260.050 & 243.745 & 226.339 & 189.592 & 153.554 & 130.240 & 97.035 & 70.814\\
      6-7 & 25.117 & 92.214 & 151.200 & 210.985 & 246.888 & 272.710 & 272.328 & 246.434 & 241.702 & 225.125 & 193.539 & 157.076 & 134.876 & 101.724 & 78.209\\
      7-8 & 25.939 & 86.960 & 144.875 & 202.842 & 239.434 & 260.050 & 246.434 & 250.930 & 229.667 & 215.860 & 187.274 & 149.822 & 133.096 & 103.248 & 72.891\\
      8-9 & 19.941 & 76.284 & 126.304 & 183.248 & 215.350 & 243.745 & 241.702 & 229.667 & 227.731 & 212.034 & 184.319 & 151.740 & 129.502 & 97.594 & 75.432\\
      9-10 & 17.580 & 66.123 & 112.346 & 164.952 & 199.952 & 226.339 & 225.125 & 215.860 & 212.034 & 205.163 & 174.519 & 142.998 & 124.395 & 96.578 & 73.343\\
      10-11 & 15.856 & 58.684 & 98.127 & 143.281 & 169.593 & 189.592 & 193.539 & 187.274 & 184.319 & 174.519 & 157.915 & 127.750 & 111.485 & 87.554 & 64.111\\
      11-12 & 12.465 & 50.616 & 81.245 & 118.760 & 133.233 & 153.554 & 157.076 & 149.822 & 151.740 & 142.998 & 127.750 & 115.074 & 95.208 & 72.036 & 58.750\\
      12-14 & 13.396 & 44.467 & 74.270 & 101.311 & 118.808 & 130.240 & 134.876 & 133.096 & 129.502 & 124.395 & 111.485 & 95.208 & 86.696 & 68.253 & 52.839\\
      14-16 & 11.435 & 33.909 & 56.663 & 75.215 & 90.542 & 97.035 & 101.724 & 103.248 & 97.594 & 96.578 & 87.554 & 72.036 & 68.253 & 60.592 & 43.967\\
      16-20 & 7.590 & 27.073 & 39.564 & 54.277 & 60.155 & 70.814 & 78.209 & 72.891 & 75.432 & 73.343 & 64.111 & 58.750 & 52.839 & 43.967 & 42.846
    \end{tabular}
  \end{adjustbox}
  \label{tbl:syscov_thetamu_deg_scintillator}
\end{table}

\end{document}
